"PC1","PC2","PC3","PC4","PC5","PC6","PC7","PC8","PC9","PC10","PC11","PC12","PC13","PC14","PC15","PC16","PC17","PC18","PC19","PC20","PC21","PC22","PC23","PC24"
2.9051005411271,6.54319100756556,5.5329240165199,6.66237178829723,7.94754195806512,0.567727987977539,0.000851759772024574,0.609876645826893,0.354090957137407,0.495306252320131,0.0197888796214485,0.0439238020721253,0.0345475585284414,0.00389534715081316,0.000323759823711334,1.65196488566365,15.6480665343052,0.0159370880014604,0.96220304060233,0.000366189392947252,1.87330306602796e-10,4.24090401845855e-11,1.35661262472846e-14,49.9999999999992
10.6259542604513,0.332493334151573,0.0900172098086888,6.76852953615706,3.23548212370977,0.156551054437312,1.23412890405769,0.668693836717681,0.210224208785376,0.168280753919653,4.91942665248532,0.0152885218614826,0.302602003402204,0.00190966180223701,4.69794653931188e-05,21.3301339835653,0.117356063707774,46.6903136971976,0.152499612259787,2.98006759128914,1.05216453134474e-08,4.6253876161685e-11,1.99853356264152e-10,3.64650953438413e-26
2.90542852358396,6.54332368112386,5.54061370520718,6.67198189142471,7.92025691675121,0.566536919613679,0.00076075078250797,0.607999602259558,0.353788167231419,0.496891646609198,0.0194900878695726,0.0450716996640837,0.0362466068373833,0.00407354546110072,0.000491569670950209,1.54131709961893,62.8479309327676,0.0685577672458842,3.828732492141,0.000506393188845883,7.71627276643766e-10,1.75712416300966e-10,3.09761588613777e-14,2.31345786407706e-26
10.6244919812626,0.332704518422854,0.0899457836791295,6.76722345782059,3.23832922015897,0.157096218665102,1.2371328084398,0.670308406875088,0.210540649850177,0.168491182873955,4.92756959029627,0.015422833576409,0.303604548208067,0.0016438608282087,1.42909748465335e-05,21.1941515919398,0.0932571981883555,46.9712463644925,0.139797770679465,2.85702771180664,1.07126807195304e-08,5.32933932669075e-11,1.95172830729723e-10,2.93509845742919e-26
12.3722967205508,0.190516082485229,1.31165424812091,1.81096856703282,0.363520328458892,0.453674463914995,1.12941901064907,1.12068378765474,0.406454863060978,0.404814235954011,3.90525988891778,0.0483774981900252,0.173816177944123,0.00115255440945722,4.35561546092919e-05,26.3062276693515,0.000426956868944607,0.000160673030397589,7.09860218808095e-05,0.000453699397160801,49.9989306497083,0.000908640533935711,0.000168741589497689,1.94814823819807e-19
12.3722968534029,0.19051614302963,1.31165395129024,1.81096840142891,0.363520370992213,0.453674840847448,1.12941796996954,1.12068415049717,0.406455176939986,0.404813721522044,3.90526118842337,0.0483774217936199,0.173816410107303,0.00115254839695317,4.35757971924036e-05,26.3062445053208,0.000429109180149781,0.00016494019910825,7.15960418437117e-05,0.000445192765646678,49.9989145199719,0.000908674801265609,0.000168737280858993,1.94831852678e-19
0.78309483828887,1.18117047217235,6.01846417378039,8.03607244516038,27.5218963525867,1.74499891364457,2.16909455612964,1.60845622612973,0.348367998955696,0.199648796784602,0.369060329085505,0.00625156096364858,0.0129729834819262,0.00108193218827468,0.000151765510488519,0.000520364074663209,2.83106813464499,0.196259933726976,46.9654187264264,0.00594949534600091,9.00768821311625e-10,1.67133710849147e-11,6.72307526452124e-13,5.66604275555649e-25
0.783099408620898,1.18159243701723,6.01916264021754,8.03886566465998,27.5156241497612,1.7448006244871,2.16948109026538,1.60803069576678,0.348196968301589,0.199021945976662,0.370832549952202,0.00615074379363991,0.0132483706124345,0.000988837937946139,8.26853997929356e-05,0.000241037044153571,2.81048727753748,0.196362051580765,46.9878235005403,0.00590731961088501,8.98685951571413e-10,1.67647495185129e-11,6.69389642063569e-13,5.67649381439971e-25
2.90510054112715,6.54319100756563,5.53292401651997,6.66237178829732,7.94754195806523,0.567727987977551,0.000851759772024612,0.609876645826901,0.35409095713741,0.495306252320132,0.0197888796214494,0.0439238020721243,0.0345475585284414,0.00389534715081315,0.000323759823710887,1.6519648856636,15.6480665343061,0.0159370880013503,0.962203040599261,0.0003661893929669,1.87308925730795e-10,4.26655936796915e-11,1.59233144307266e-14,50.0000000000008
3.69966682245709,5.79642491615727,5.89410924782172,10.2751980892024,0.233056232441299,1.35875975358916,0.0494943143685209,0.129255808858656,0.00194518239015838,0.206743339688208,0.735807125704991,0.2098397810185,0.000438331210920918,71.4073498978817,2.6237174329237e-05,0.00188067031968261,7.80209216304492e-07,3.26220805970849e-06,2.04154110892603e-07,3.14398137115652e-09,1.93895924327626e-15,4.31621387481474e-16,1.66230755928042e-15,3.90000813738415e-31
0.0196334618995256,12.9557665452791,9.22797401577577,0.0657017967992388,0.59091790899172,1.77566556062175,0.434509991440934,0.159962005199939,0.00162203785913637,0.00704127468709007,0.818778671813969,6.63168650231174,20.5959961675417,0.00518918508763528,46.7086665218994,0.000884699878037248,4.10718491133532e-07,1.62228119909316e-06,1.52266991213882e-06,9.72433548289446e-08,3.95996142835581e-13,2.73776537093892e-15,3.26181363803751e-15,2.42715321241401e-29
3.25264730005807,6.07305861856622,5.13864028337541,10.0907240507877,0.214456474912617,1.38436101851402,0.0301730464722835,0.0677977916392027,0.00440468177533682,0.431621506785863,5.64148689082388,38.9824751744249,14.1982508130709,14.4173172455234,0.0725288260791328,5.49622338478975e-05,6.8678889958142e-07,5.81827356710446e-07,7.0786697482697e-09,3.92623148085314e-08,6.27257910449523e-17,6.35231723113714e-16,1.79747936066065e-15,4.81482486096809e-33
0.0145999633159268,12.7841310668912,9.40151998139161,0.0707963968249522,0.686676681815744,2.15532197129834,0.507947002585578,0.198418133809683,0.0283453436401399,0.3516605531556,0.352813099145021,7.00147422216052,13.6194784916502,0.00431648157999605,52.8224715924274,2.99891826987589e-06,2.29702336129502e-05,2.02658423079157e-06,9.81144255228253e-07,4.1426950407803e-08,7.58861960353213e-13,4.53963875045684e-16,2.58999878870052e-15,4.1643420222513e-29
6.04529753324933,0.0176569039659882,0.00898069030973822,4.18426944605831,4.5681657189708,8.07411651998627,17.2371222649112,8.75578907764932,0.755500078255601,0.290090108850666,0.0106309398122552,0.00195787837231571,0.0404313532614072,0.00226341937717708,0.000906546553761801,0.010374821436385,0.00145710732292683,2.92541814233484,0.000596985972085819,47.0689744532254,5.96094372188842e-09,4.14662557028369e-11,4.12186074942582e-09,6.11240523504192e-26
6.04494391678056,0.0176834662674401,0.00898009357133128,4.18313762956306,4.56952590214898,8.0741332643345,17.2384601410914,8.75644386497009,0.755665854544808,0.290298980057718,0.0113715624669359,0.00194133956211022,0.0410217783269604,0.00238279017033959,0.000951102125077762,0.00150222545500727,0.00141515112461042,2.91963070586599,0.000578057711493666,47.0799321637445,5.95324882067653e-09,4.14973905420332e-11,4.12231551567505e-09,6.10554507258001e-26
0.0420397763801087,0.169702822011266,0.768897533525086,0.207463888822071,0.0213305501497933,0.763858508589613,5.63005353832103,42.7573234187249,49.5387114735485,0.0325962813982889,0.0133817391667214,0.0132238297058391,0.0348867151806778,0.00248228293766216,0.00404149363552227,6.13936512785826e-06,8.00571796104247e-09,1.46643360874013e-11,1.39523736185315e-10,3.7787081906915e-10,3.35511220463286e-16,2.8625194430329e-18,2.4421575748751e-18,3.2770901709964e-31
0.145823710162235,13.5314620555602,8.52535310426335,0.000224591743729258,0.179814195961796,1.44644839211,0.250818881552013,0.0943620300366393,0.255917081078949,0.166121943793881,0.308731552845775,7.28012514861466,17.7132325779481,0.0193079089871523,0.0820879314124289,0.000162878004948167,6.10108439407389e-06,2.71869616576978e-08,2.5417824141947e-08,8.32489247085347e-08,0.000924784011051218,49.9770232403666,0.0220517546083701,9.86472900111047e-17
5.67532893873596,5.29860538303558,5.47246247616557,6.10132698681856,0.0567722311642889,0.604372230884618,0.211770433650817,0.139897564920046,0.0144494319011709,0.0516114740596207,2.32787926497947,13.4780049729253,3.85640869213966,6.67952341902741,0.0314092628568903,0.0001765427418892,1.42383279089882e-08,5.13175503077739e-07,9.22361286881153e-08,4.69219114656218e-08,0.000152619195668479,0.0220678752269893,49.9777795329986,2.16093808668253e-17
0.145823709743751,13.5314620722025,8.52535308704028,0.000224591838727674,0.179814194482233,1.44644839451405,0.250818887236646,0.0943620340646086,0.255917077597028,0.166121923013594,0.308731529553447,7.28012518015705,17.7132321616886,0.0193079181470624,0.0820879753805874,0.000162894163799591,6.00425142107838e-06,3.37809843653451e-08,2.11113990322517e-08,8.95481751336956e-08,0.000924770456790883,49.9770236958176,0.0220517542096524,9.86472307416116e-17
5.67532892871826,5.29860538865986,5.4724624653201,6.10132702994805,0.056772235572433,0.604372239191476,0.211770423279775,0.139897558696683,0.0144494322262998,0.0516114775541149,2.32787921713217,13.4780047703447,3.8564086543978,6.67952371637561,0.031409219652183,0.000176565345968964,1.36827671723258e-08,5.99756749539691e-07,9.02620785178971e-08,9.87303837720237e-09,0.000152620560612689,0.0220678727768293,49.9777794706724,2.16093876405998e-17
10.3143602985861,0.0297261884811428,0.0235329657944262,4.6183107436927,0.377666010484307,1.25024706386662,2.09244502507626,1.0983986603667,0.0829802593394951,0.221853725503888,66.9388754865298,5.13878440025762,7.13466999890647,0.676187960079171,0.000171110893444362,0.00178274644285524,1.33567213796356e-07,2.86449852769757e-06,1.18348738979335e-06,3.17414588753668e-06,3.9769875949673e-14,1.18827833947511e-17,1.18533399616734e-15,1.50992907639959e-29
0.780411137595507,0.0377293041099903,0.081053687736912,0.130445945502268,0.0955516590024814,11.5605771802341,8.52841288167919,27.8988716218505,41.7786142913364,8.9088563295021,0.0277835854862002,0.0675616697648651,0.0820520406232561,0.0108623879826697,0.0111603592349371,5.58050245353307e-05,1.04384999904214e-07,2.09514485056097e-09,5.89773697402409e-09,9.56225554414766e-10,8.02753973027432e-14,3.28234048893886e-17,5.75026867817216e-18,5.82593808177138e-31
1.86722917594591,1.41701359448972,4.8009978127306,0.734199465459952,0.0475294550859522,31.8354163496514,4.96887807945062,0.209483232089085,0.377197016555237,51.9907963793204,1.47029306548998,0.0881088122845804,0.0280539368451713,0.0377609847584424,0.127033868778186,8.31156897114121e-06,3.82530292106003e-07,1.26022773348963e-08,5.11216333618044e-08,1.32414143830957e-08,1.57503130191947e-13,6.75396002063721e-17,6.78405719739462e-17,3.00926553810505e-30
1.65795611500358e-06,0.00227299078858876,5.20232281003415,0.00729580665924993,2.06823717026626,21.2531125410488,33.286186479046,0.875127199569475,3.14207081055173,33.8003999143486,0.249078222776532,0.0738984341081255,3.60695578581586e-05,0.016430766758812,0.0235260092759988,1.7168583823796e-06,1.39035045019198e-06,2.31147637096223e-09,6.28348058226023e-09,1.44985699310517e-09,3.90458874775651e-14,1.3745494036293e-16,2.6711739414127e-17,3.51000732364574e-30
