"PC1","PC2","PC3","PC4","PC5","PC6","PC7","PC8","PC9","PC10","PC11","PC12","PC13","PC14","PC15","PC16","PC17","PC18","PC19","PC20","PC21","PC22","PC23","PC24"
2.91680254907739,8.04082927418876,4.56494062541992,6.66493577630314,0.27787376023588,7.83229681516624,0.445190192798317,0.154200351753553,0.0826021380169515,0.0700576532126247,0.254545758115038,0.0416898838355782,0.00217227349400075,3.03570955333814e-05,0.000338617277286741,1.99622105282603,0.00110628769506833,0.121145858007095,16.4124324314052,0.00504762327332676,0.115540720765036,2.35080153498596e-11,1.48502285236278e-11,49.9999999999997
9.4688172426593,1.59769294393651,1.14900379376312,10.0978038566834,1.83393137368622,0.182131407093405,0.0660278986167319,0.0330710088761125,0.0742367434460254,2.09639890508611,2.07255924433332,0.0600430189715667,0.0783988960698873,0.0120832412885278,0.000158846508153605,20.487357715757,26.5075417546314,23.9691686576241,0.183928302973717,0.00933513530044675,0.0203100126324466,4.96876280004809e-12,5.75401246932733e-11,6.49210954581516e-26
2.916516857564,8.04080947356042,4.56343800458067,6.66345843600066,0.278024966252534,7.83932810479615,0.445842170604261,0.154367935406282,0.0826693337428131,0.0701391291721574,0.254691801603092,0.0413760226205131,0.00215922645102923,3.35986323254441e-05,0.000279361620766617,1.95651108566564,0.000142128975970352,0.476743110137301,65.7194234419978,0.0215711735948033,0.47247463685848,9.86791885179498e-11,6.36675973527123e-11,6.43422379540666e-27
9.46758009030227,1.59756128166116,1.14879459464337,10.0988096309546,1.83344421837473,0.181933150561099,0.0659540473209246,0.033105803881541,0.0742514610175305,2.10787088327153,2.08912188139952,0.061426115367571,0.0809737443912097,0.011193887830371,0.000178747623391669,21.8415636262222,25.3076908973898,23.8013057544824,0.174741132546005,0.00739573889701615,0.0151033117914966,3.0646194658027e-12,6.70765945971903e-11,7.02184729752735e-26
12.1761916506969,0.00112344257569814,3.47090565682279,3.23260000617379,1.04530313476591,0.598438502277608,0.00190493869068057,0.103359573017525,0.129583577575388,2.05534748734159,1.19763103731941,0.0941054000348328,0.0452245129199,7.01171010851792e-07,0.000559524605852105,26.4023255944985,23.4455529211072,25.8010212728782,0.166654863392315,0.00249294371867231,0.0296732583456833,1.76607429403068e-11,5.28430880425465e-11,2.22637501571165e-27
12.1781595969799,0.00117399282714309,3.47190053598549,3.22924699682688,1.04308380744379,0.598113525868709,0.00189286532007575,0.103269563154589,0.129405315663662,2.04844231600744,1.19346542864394,0.0941625221198528,0.0434726621598117,6.80162530271931e-07,0.000526783725760643,25.3060927773762,24.7145040339026,25.6590982027102,0.157337036232224,0.0037729450945255,0.0228784117374191,1.3487747355043e-11,4.39044461033801e-11,3.26915052480067e-27
1.48264315602156,1.32530826420166,6.55142858180943,6.19565451570503,0.598140591049896,28.5469379723229,4.35665458689773,0.621106939579519,0.0870594379416861,0.230723182597052,0.00258905423718925,1.39364461164319e-05,0.00444421269140625,0.000211607116718256,1.84072995784574e-05,0.000396215478389556,0.000413625435034095,0.0247279857407722,0.36838323069143,0.0156004411226002,49.5875440548139,2.99701146814693e-11,7.70453498165439e-10,4.20147202564914e-26
1.48307582827695,1.32593298334359,6.55234176913478,6.19756041870617,0.597829971989913,28.5382996383329,4.35588708735681,0.620821741703904,0.0869481177969395,0.230893584065025,0.00267650566310192,1.4505524311298e-05,0.00446424453724067,0.000228652708097194,1.50107130366839e-05,5.91678740006763e-05,0.000424829123479767,0.025131593427851,0.366595013472489,0.0155690875617594,49.5952302478873,3.00032635131137e-11,7.70373583339994e-10,4.19010133525748e-26
2.91680254907742,8.04082927418882,4.56494062541996,6.6649357763032,0.277873760235884,7.8322968151663,0.445190192798319,0.154200351753555,0.0826021380169531,0.0700576532126251,0.25454575811504,0.0416898838355803,0.00217227349400092,3.0357095533394e-05,0.000338617277286696,1.99622105282611,0.00110628769504804,0.121145858006798,16.4124324314041,0.00504762327334775,0.115540720765308,2.35950559948752e-11,1.48573745478683e-11,50.0000000000003
4.17530468239261,3.32149402962026,7.2827336339064,10.3690408244331,0.0165988998767077,0.237990495536414,1.86509975196129,0.252405788694655,0.111614818382154,3.9092193015835,3.27320643570244,3.67725929578247,16.6383499418505,44.2751577657875,0.591794567394872,0.00272061297425679,3.8832042207029e-06,4.85649687180039e-06,3.71650637028035e-07,2.56994227584508e-08,1.7069713104412e-08,4.76988050262191e-16,2.41625695998073e-15,3.17853672462347e-31
0.383249422294188,12.5530010119407,7.17194943112846,2.07532707622286,0.637153738977597,2.08978922393822,1.1286323023862,0.0441004815783272,0.00490682831726892,1.11314869019922,2.72175999051423,11.4702658072655,4.75735263399958,0.424164825715112,53.4241300214246,0.00106450311173406,4.28297447983278e-08,1.07982124005308e-06,1.26913758807175e-06,1.57072982235713e-06,4.84677887238552e-08,3.00470140340462e-15,2.12543827897396e-15,6.93334779979405e-31
4.91574642956869,3.90254599942984,6.53560785053169,8.94757549560089,0.170872599120339,0.14300060666945,1.81723641018257,0.0977916378725585,0.0253125479876254,3.05218715248707,1.38698882086162,2.88070253001873,11.3509519296883,54.4653679920889,0.301361824138241,0.00674144677392828,7.06735716170648e-06,7.17782153606695e-07,1.12971744776969e-07,8.21326382032383e-07,7.54210146124052e-09,2.8057282407034e-19,5.34830369087797e-15,1.27141468984939e-30
0.293669066321533,12.6566335852534,6.47907591881624,2.52553054738006,0.666772642345649,2.09604654302589,1.21835442407641,0.0126538590875546,0.00719437631577434,1.41277788860996,4.40915154274291,16.723527413966,5.60319571539929,0.412370375545822,45.4812818065895,0.00176219662174376,1.53075385412917e-07,4.24046140726057e-07,4.95825771516618e-07,9.98931090512576e-07,2.60237747832172e-08,6.28700033200378e-15,2.31282262585305e-15,4.33334237487128e-30
2.77682981695054,0.0150507305993371,0.232755498837562,1.00194698208096,43.7311457953201,0.705055540309797,1.2956530993523,0.00260524208405968,0.00198331863260695,0.0908797586091246,0.0405536958412043,0.0320529998121033,0.0561396088441967,0.0177009600063814,1.51191271469278e-05,7.18465560077123e-06,0.0108264008909195,0.000227630633381344,0.0190394761994371,49.9566709068577,0.0128602342440556,7.24837608279274e-12,1.04168113870572e-10,5.19770454873714e-27
2.77686331145386,0.0150364696242417,0.232850359648324,1.0019128215676,43.7310932903725,0.70493747038501,1.29560103525095,0.00260439816771013,0.00198330841379972,0.0907966768269834,0.0402956455385365,0.0322426837373518,0.05579861172397,0.0174025144351124,3.66275313005218e-05,0.000265181161858467,0.0106725633313774,0.000241085417914071,0.0190296895400919,49.9574924626273,0.012843793132648,7.18376645657341e-12,1.04390264639887e-10,5.35902044087901e-27
0.0319032752836113,0.0476852500423205,0.235331000263812,0.0187575389058906,0.210350098386789,0.0816498729136755,6.05877834521174,47.0776680515981,46.0808530850651,0.0783861070952882,0.0217483915313583,0.0546895809223748,0.00212216841449618,5.53606826510829e-07,7.62703025552865e-05,4.09936443947901e-07,9.66849616706262e-11,6.55438772322345e-11,1.11958297650292e-10,2.46171204403669e-11,2.20815076368457e-10,1.26691680687378e-18,8.65833207177645e-21,2.04818135687275e-32
1.03482319931265,12.7196258511218,7.55915829379762,0.605500954097252,0.192578798771097,0.993366724702379,0.673162686789503,0.0490682275032954,0.12434140662155,0.153915797820226,1.43194170504266,16.4511308458841,7.91934571220385,0.00209259354806259,0.0898831127760105,6.27417682690564e-05,1.34792160746758e-07,9.79858319155028e-07,7.60201275685734e-08,8.57763212717173e-09,6.90850037848809e-09,49.9746907132258,0.0253094288571795,2.00015072831478e-17
7.0358161953032,5.13557937623576,4.55613599162391,4.64759816918674,0.0166632872784401,0.104954887276888,1.24222400246806,0.0438280988176926,0.00212473639035921,0.439826511025121,3.53434964977151,5.85175386711683,17.2698700087294,0.118069792630954,0.00095159195673049,0.000252325834056635,6.5564890143155e-08,1.11889468140165e-06,2.93066656968983e-08,2.28551351045033e-07,1.74116507244456e-09,0.0253094245907089,49.9746906397049,3.18436893166381e-19
1.03482321450298,12.719625848168,7.55915827763149,0.605500946565257,0.192578785163155,0.993366716942409,0.67316267442217,0.0490682292181341,0.124341413101046,0.153915805526561,1.43194168556015,16.4511310145984,7.91934596245327,0.0020925931659809,0.089883031109384,6.27307543057945e-05,1.36323513083649e-07,9.93351996013842e-07,6.71444989644796e-08,7.71413704852665e-09,8.90399283241356e-09,49.9746904294632,0.0253094282159248,2.00014762503137e-17
7.03581621190479,5.13557938519615,4.55613597668542,4.64759812248502,0.0166632844432918,0.104954891249908,1.24222399455129,0.0438280961013293,0.00212473695341234,0.439826548447086,3.53434984940244,5.85175373288374,17.2698699701214,0.11806988350109,0.000951596743912431,0.000252360563071769,5.54267007637271e-08,1.12553878906442e-06,2.61680974286248e-08,2.08386452040999e-07,9.62796852544009e-09,0.0253094324608553,49.9746905011578,3.18435503118323e-19
10.619720428987,0.895857252454819,0.0229985300181001,3.67118808825574,0.396546242608281,0.293946152061334,0.0319417624058574,0.0965737635357861,0.0407005598766762,32.2868735561694,32.0629188332932,9.95430297513452,9.56440895362475,0.0619600046204711,2.50121948580828e-05,1.17165934450006e-08,5.45469937097474e-06,3.1597877135037e-05,4.27211405847712e-07,1.22767473569439e-08,3.80977908632864e-07,3.68317735019936e-18,1.76899567609334e-15,6.3676058786303e-31
0.628103169031164,0.0863212992966205,0.41845574578751,0.000961705659808197,0.00872886252070924,1.72404916877219,0.127748438290753,48.6717136911107,44.6440292002021,3.09952267858407,0.155990437909657,0.335010177223275,0.0545743748187148,0.0364851613275475,0.00826005767343987,4.57403990701062e-05,1.75949332404173e-08,5.73268418525374e-08,1.70895486355528e-10,7.20924876219778e-10,1.55791313218073e-08,1.29382565220773e-17,3.53162846715584e-17,5.82593808177139e-31
2.24478464794132,0.82387795648044,7.40940847928281,0.559147373637912,1.10053704457099,4.65061632930268,22.5562271814159,1.45735405150487,0.27315549596779,25.7109464315901,24.5530392696833,7.73844251765501,0.896584720349652,0.0169409426998285,0.0089302928843809,6.28092524533184e-06,8.32539217319053e-07,3.46582381632674e-08,5.92541257209654e-08,1.85709482929379e-08,3.90853087193451e-08,1.86927268653909e-17,2.53372698862174e-16,5.24334427359425e-30
0.00595740809614433,0.000825024052536162,3.71055082446112,0.277407940263981,1.12621104620961,2.92649944532845,48.5894099108311,0.121233113998735,7.72597590455478,18.9878463014602,14.0799375771752,2.0612132692437,0.378607641570226,0.00831095821974735,5.15150189442996e-06,7.98427968021048e-06,4.26318157128552e-07,5.21610041831276e-09,1.51716476673134e-08,1.7168939311352e-08,3.48780760709815e-08,5.73302486103057e-17,4.58156109675478e-17,1.20370621524202e-31
