"PC1","PC2","PC3","PC4","PC5","PC6","PC7","PC8","PC9","PC10","PC11","PC12","PC13","PC14","PC15","PC16","PC17","PC18","PC19","PC20","PC21","PC22","PC23","PC24"
6.47639971486124,1.92842427374048,3.23956287891776,14.1497069536582,0.416534292637261,0.0207339610472802,0.0626342462564613,0.00180055084296303,0.433010228620673,1.14682878266099,0.145036960237645,0.353870287947023,0.000201302854024029,0.0929732122588527,0.897081846503801,1.97120581210915,4.27096605281437,0.00995077269460189,0.00266648602036216,0.0022926725754126,14.300249616929,0.0778690937629798,4.06670040828102e-11,50.0000000000088
4.92318451208371,1.95911928286952,1.05551869060965,20.6917896059414,0.218905231362246,0.0332838950344646,0.00494601009335374,0.0618412262259288,3.17347820903847,1.99746486961803,0.129075540836655,0.000935027865363048,0.00772745508043597,0.0234828354295727,0.148867820104678,0.481197620169971,13.5035297713142,1.59378116514906,0.00759179099693894,0.155540599125813,0.267538893885515,49.5611999415107,5.65426840100723e-09,1.82227177254845e-25
6.4696689554662,1.93034492045706,3.24112607815118,14.1529647083419,0.423440820383289,0.0362684118560578,0.0505193411742564,0.00102557776796773,0.448519675006581,1.04974747460328,0.2441841148607,0.354923148971848,0.0169269709423397,0.0909045075497251,1.47891091722278,2.91866630836415,4.27659392355651,5.205874700839,0.0155110386830206,0.0118149707305653,57.2716285183121,0.310434916505574,2.53840608175486e-10,1.55376948194686e-24
4.92309303880259,1.95929298534291,1.05550247490788,20.691597282305,0.218636786184184,0.0340000488077007,0.00508975248676119,0.0620990137686805,3.17489902957889,1.99187151364658,0.132156691189997,0.000978166308333079,0.00845471897008094,0.016629993263165,0.128248845256059,0.460898878913685,13.6041844411985,1.52493888661627,0.0140906589855723,0.146462188605115,0.273316599251556,49.5735580005126,5.09794479254177e-09,1.7341585767831e-25
11.0142058964528,3.93795047873617,0.138993071650495,1.13781227088442,0.0120664560004409,0.0619280875435005,0.00943457099977695,0.0211476795539938,3.26608232971011,3.05832699893891,0.343594646135011,0.152910862988814,0.0135357026919505,0.0225152114313526,0.245487110899747,0.766517208702968,22.9452523501431,2.58815667197903,49.9252659984357,0.312132317869016,0.0108863971651665,0.0157976796656269,1.4218663987938e-09,1.19601482141612e-25
11.0148284594776,3.9394268218002,0.139866155788991,1.13067584540514,0.0122376116427125,0.061904340540413,0.00949518984864224,0.0211324730759211,3.26706607531964,3.06382859631176,0.342633650287887,0.153886901313517,0.0135588918027085,0.0227639926930899,0.241844746026241,0.768372389904237,23.3892617419599,2.67176072493018,49.3744565882798,0.332413108233863,0.012451621872942,0.0161340724087319,1.07595790855392e-09,1.33823165148549e-25
6.30549476879232,5.89347433281128,0.13246232675287,1.39753824400485,3.98296388797819,0.0203338471113015,0.0349890731007613,0.0930906696646962,20.0506672333087,10.4591178655731,1.2221873093845,0.402529693525316,0.000554329124490596,0.000402862407844475,0.00014008709995019,5.83461313684281e-05,7.63587916296195e-05,1.28882817436648e-05,0.328446008169159,49.5210077631746,0.00579394050583056,0.148658164111383,1.94212540616646e-10,6.76566266473308e-25
6.30547235290026,5.89354183642591,0.132746509878371,1.39375290969561,3.98404363243027,0.0203404910347543,0.0349970141799623,0.0930914695979669,20.0593877603029,10.4627238199248,1.22262497913995,0.400176176931775,0.000568685619963577,0.000395055346411227,7.47186047024349e-05,1.97422985354463e-05,0.000297573895395132,8.24172925775197e-05,0.327206059042891,49.5139533517053,0.0057881343485984,0.148715309208331,1.94834021406773e-10,6.75197161394442e-25
6.47639971486127,1.92842427374049,3.23956287891777,14.1497069536582,0.416534292637261,0.0207339610472802,0.0626342462564615,0.00180055084296297,0.433010228620673,1.146828782661,0.145036960237644,0.353870287947023,0.000201302854024013,0.092973212258852,0.897081846503767,1.97120581210913,4.27096605281425,0.00995077269460028,0.00266648602027378,0.00229267257526722,14.3002496169462,0.0778690937635429,4.07611369945403e-11,49.9999999999912
3.394805423363,3.29028717162265,13.5094841706169,1.44646664616018,3.16373251416612,0.330620937138323,1.27062808615366,0.530168548196483,0.00697934977543781,0.543153220796928,2.12930811960563,10.1750097210129,7.16928491010852,16.7994875609762,6.15831235322531,20.7993360231571,1.80036794764365,7.48255898793927,2.19240790292663e-06,4.95057245167743e-06,1.14636522543893e-06,1.89960455508314e-08,9.62333731817321e-14,3.12012688052884e-29
0.722456813198375,9.23597809697485,8.43111005885057,2.01051290503087,2.38408449873475,1.63299517259911,2.50792670798914,0.227940801251883,0.614934086630566,1.12927537251406,0.49580357171918,7.7859936754405,3.17246107579148,32.1210564240808,23.5324677583498,3.52300953676555,0.0351820944201195,0.436804935903396,1.5562713003606e-06,4.32012539945982e-06,4.74926174566146e-07,6.24320360605926e-08,6.2775773138693e-14,3.94522235209418e-30
3.43585849331817,3.19461157518132,13.4898376463277,1.34934382492424,2.83526204040457,1.34242703681059,0.6881820176775,0.777869167293246,0.0455945859813329,1.77586202271005,0.029621724115103,11.9436130763907,13.2474996188702,8.88385995723655,6.48319541540166,21.1378568017763,1.93172042392398,7.40778140495834,9.72291675724365e-07,1.76411089941718e-06,3.69847056956596e-07,6.04487296873876e-08,7.57705652924568e-14,1.76234626973584e-29
0.671416689343856,8.72315050904406,8.70385229732396,2.07137591337628,1.9358682895038,3.74764419236118,1.05280888800079,0.11781302452155,0.980506612053989,3.27590746218502,5.5860310185936,8.81594424898701,16.7134162058914,13.6810450423508,20.6725242833959,2.81225796615654,0.0456797367559998,0.392755080913777,3.01061219478441e-07,1.62850698955927e-06,5.75540989116544e-07,3.41312848513835e-08,3.47934743375864e-14,1.53701246624254e-29
3.72971063713202,1.89023174511706,0.00387713834057495,0.0970278194095623,27.4170667400263,1.62643570255319,0.169745235200399,1.97340997310848,10.3812562496997,1.06263540468725,1.30773421133074,0.00838262188275656,0.282659390060386,0.131717108173918,1.36312967343242,2.66491125247662,0.00117892129696621,1.70415531589852,0.000144546349350355,0.00013989942577061,0.91209816738812,0.00463927036876888,43.2677129766411,1.17698912316515e-17
3.72467399108816,1.88834840029083,0.00382702718078131,0.0973160516238577,27.3602841183338,1.74910812253084,0.191801384012783,2.00315802584672,10.3040053687049,0.967815977525463,1.58544265814651,0.00839224335628152,0.170562439491683,0.0650791296295378,1.2403042471111,2.81269013767302,0.00181662819466085,1.6414320297198,0.000138044276496705,0.000140353511794097,0.912529913819635,0.00464027956246242,43.2664934283689,1.17695565293452e-17
0.346578588847097,0.282150841365482,1.77730808477229,0.104225831869343,0.707354764345774,15.7976370027201,28.9197349620788,51.6534123866144,0.00309064510536613,0.205888097717962,0.00728485390492017,3.98776032421894e-05,0.0899387404939649,0.104818347134709,0.000289611876377667,0.000168642821949243,5.7890651044625e-06,7.29150520381909e-05,1.0038048925228e-08,1.78357607306785e-09,1.13146811924044e-09,3.65806044406697e-09,1.22281786573102e-17,1.92592994438723e-32
1.91051953668912,9.38394358882867,8.66355201016219,0.691277006388971,0.507569564675671,1.52329518219481,0.748328974342916,0.0163671907400429,0.236861514842695,0.136448929043883,0.850881574026804,12.2333837180972,8.71990624068022,11.9667701184008,15.540585840432,16.7085430449202,1.66181453021489,0.00344791259218586,0.000672933518716503,0.000564147950889303,3.9867448022104,0.0163982537846991,4.49212338526208,1.22281535516281e-18
3.91650932709218,5.1872284911723,11.8858019733809,0.573195626342277,0.415537232017984,0.324012525059395,0.907720112927416,0.476565726909998,0.0441219169839032,0.0585014994873611,1.62411105914495,11.9337407636701,10.303415799571,8.10344101657545,0.594519746174436,2.68844291270474,3.39806850639875,33.4092595164179,0.000261204379330689,0.000290586322141894,1.88816308863296,0.0138969834037909,2.2531943852308,6.1334736267086e-19
1.88164784483322,9.37844079121309,8.69671728025958,0.687689425753788,0.580244392684399,0.701002899680141,1.17184724081582,0.0456356822660984,0.344379295443766,0.602225722610178,3.38257420599435,11.6465827495081,14.3578039716149,2.56643899175564,19.3440315289963,14.5255399656146,1.61033798936734,0.0158269159723226,0.000628719386234254,0.000616409399078804,3.97033324701201,0.016301375217256,4.47315335460184,1.21765038102623e-18
3.87508015261025,5.16739865306901,11.9350259614365,0.580047384877821,0.474388810755588,0.045517756388272,1.30956596417806,0.380594924650005,0.0152223573044835,0.369916617530608,0.242586813135765,12.8846141443639,14.9329276261226,2.52426130232036,0.993941765882353,2.97142497996718,3.25238775634713,33.901088489429,0.000247698450408105,0.000326169063904152,1.88222483744053,0.0138873787556839,2.24732245592062,6.11748005709811e-19
6.52910058480121,2.37828284143255,0.139479925304839,0.376524512118929,10.0123574820809,0.634608581341695,1.28434530984608,0.224141910546048,15.2739491298341,18.9277481714471,38.7783325440583,2.35864891987589,2.06370152445386,1.01765868711642,0.000614934502423896,0.000362300671857381,3.56352913159119e-05,0.000106902467431803,1.12206525605376e-08,5.88032889143527e-08,3.27848107460347e-08,3.78880840416395e-13,3.96819803452795e-15,1.73333694994851e-31
0.0592144914736907,0.0438411487525558,0.103022729709597,0.091669001003493,5.2256455028722,29.822864850799,20.8204122098834,36.7848292085589,2.07006118586722,3.2794994383499,0.145568236220785,0.0534511728218779,0.759586667838269,0.736809160271721,0.00123320628166732,0.00198022490059901,0.000150297817901058,0.000161244506321413,1.84208981471141e-08,9.99734036726609e-10,1.42298742201747e-09,1.2273749528747e-09,4.2762037451348e-16,6.77084746073637e-34
1.89169660745395,7.1434724980587,0.269017088723317,0.677585863664061,0.940909481820368,9.23778409181226,19.3332101053042,4.28460287931677,1.13619878594682,15.5046349897087,27.7668168451892,5.60139307732348,5.45535461007804,0.709948406205982,0.0337532215348618,0.0135575000948404,2.78890718151462e-05,3.56427394939979e-05,3.63402924912795e-07,4.74282579164584e-08,1.92306628289201e-09,3.19890987072176e-09,5.13010410466897e-16,2.91966465670797e-30
0.00198340505772765,3.44263444195284,0.0127455420353638,0.250197413561491,6.35433155632203,31.1745189019884,19.3490033571927,0.146461338838312,4.23671814631915,17.7837483697472,12.1413717125042,2.37672943586704,2.49975181899349,0.224567865132298,0.00335847518163509,0.00177659159571496,9.7587702590512e-05,3.70501317380958e-06,3.13891102560049e-07,1.7400880312211e-08,3.3763660634577e-10,3.36501917641607e-09,4.79034656166731e-16,1.08333559371782e-32
