"PC1","PC2","PC3","PC4","PC5","PC6","PC7","PC8","PC9","PC10","PC11","PC12","PC13","PC14","PC15","PC16","PC17","PC18","PC19","PC20","PC21","PC22","PC23","PC24"
7.03729637884337,1.94769575818706,4.30574252646412,9.30000475341406,0.10258725040047,0.402031177377103,1.44061821236536,1.71787603524033,0.997500764734013,0.00712997084094287,0.000397335609470139,0.111419834609048,0.00139947107013553,1.98619844596533e-07,0.000384034397072232,5.58807643495035,16.6086218048528,0.422818516070206,0.00548211420174113,0.00188216744936283,0.00103526028519634,6.29217645290674e-12,1.08756223284666e-11,50.0000000000007
5.34370217865916,3.09364410239268,0.0159031707009938,19.7538293427102,0.193317085304177,0.13539356005732,0.532422544083377,0.251832235767191,1.5214107827827,1.67326448000681,3.94777387325957,0.0275324903668713,0.032313755746291,0.0121286945662984,0.00197517055708406,12.4706835717139,0.762178608463349,37.7654634115149,0.0344518707931196,12.4306006647673,0.000178405653555626,8.57307240045806e-11,4.73053612501542e-11,8.59069525785683e-26
7.03785171340474,1.94615337916367,4.31371031158992,9.30264357025479,0.0965834921462296,0.401000732532171,1.43530796607212,1.70971960583375,0.988955301056094,0.00614152457476539,0.00103333335241973,0.110172037103207,0.00129851352388403,8.18416355958635e-06,0.0005553957223402,6.74811322538235,64.6262694717437,1.26128534604052,0.00409642599877452,0.00681706294549867,0.0022834073394202,2.10045720184247e-11,3.50308771917361e-11,7.39865247435802e-28
5.34625916079461,3.09430754235187,0.0159272598652765,19.7477504606591,0.193488663668452,0.136002706728877,0.534662616293229,0.248878660302353,1.51115064236956,1.66883399213771,3.94680181711277,0.0264710464204352,0.0328450887862935,0.0122820231525753,0.00157314863708694,14.488466960662,0.964831300743066,35.635039985184,0.0105616735090516,12.3838563824096,8.86808050964821e-06,9.34636489232401e-11,3.81589732715485e-11,7.52469763781477e-26
11.949170652201,0.0641882077394244,2.36093438638098,0.957697752117311,0.0100168024045706,0.0353210935441679,0.11184892614076,1.61341970284368,2.46041184892242,0.938146977089388,1.88382213913381,0.0149149946320117,0.023959812327216,0.00156856951560208,0.00276544956875303,26.8087586883863,0.131971161928673,13.1294850354317,0.0584149398311798,37.3784939649216,0.0646888939696702,2.83072727178341e-10,6.86710396395834e-10,6.01816514952068e-27
11.9473370434103,0.0644634122748775,2.35992399510299,0.961554538154497,0.0100604597001122,0.0353170839306685,0.111828761602087,1.61565732186042,2.46724259355947,0.938673172551007,1.88166764771598,0.0143045227470777,0.023348670104377,0.00151186878579972,0.00242565358023503,28.2826488351261,0.282613825071029,11.3281374394089,0.131227349140688,37.4867666783163,0.0532891269590601,2.62795127035569e-10,6.3518787330739e-10,3.47871096204945e-27
3.33905403141144,0.161024128873819,5.39551219312608,0.428610638370224,18.8825322883462,1.20639446111361,6.78900360187113,8.83104970802821,3.51805491563498,0.425012777468855,0.919476258224602,0.0849260431355145,0.0210970131124652,8.1287056442956e-06,1.32066754882958e-05,0.00571284047343678,0.00761264068236255,7.87160528199399e-05,49.8710506283654,0.11141434927257,0.00236143081910736,1.51259937764835e-10,8.4703418713151e-11,3.23748823651495e-29
3.3389353614504,0.161179380727691,5.39509204990483,0.4278382287247,18.8851989026943,1.20639246392866,6.78917953969796,8.83025755967023,3.51736966777213,0.424443703061686,0.916403847055571,0.0849558044212395,0.020851989265758,7.80857317234821e-06,1.00469425192571e-06,0.00698265350414017,0.00545389464494995,0.000199624547258972,49.8761774874854,0.110709979293136,0.00236904864573341,1.51385366427347e-10,8.53579858547557e-11,3.72860037233369e-29
7.03729637884351,1.9476957581871,4.30574252646419,9.30000475341419,0.102587250400472,0.402031177377112,1.44061821236539,1.71787603524035,0.997500764734033,0.00712997084094237,0.000397335609469677,0.111419834609053,0.00139947107013483,1.98619844597545e-07,0.000384034397071605,5.58807643495053,16.6086218048529,0.422818516070908,0.0054821142017393,0.0018821674493796,0.00103526028523372,6.2844694444651e-12,1.09153788448743e-11,49.9999999999993
1.66356504816931,6.99562249706198,9.62632911609713,6.63846098554531,0.57528740201133,1.41366151229994,5.5693125682096e-05,0.48115151384448,0.00969905788191096,1.25082599267741,1.82441229106539,7.7761925669946,16.3940276108608,45.2653372067739,0.0848998929633708,0.000466621285757917,3.07176131758327e-06,1.4361212351971e-06,1.85701451408979e-07,1.25781445936295e-07,1.71976226263856e-07,8.42378963069985e-16,1.40304187914427e-14,5.66872276531502e-30
0.729317360592676,12.9740143996941,6.86286164616262,0.327890874989055,1.66358097466512,2.79541940085078,0.591272542390157,0.107077877208875,0.502742325445684,1.17111404280025,0.303768201917086,12.304469618584,7.25221468467879,0.561352264063606,51.8478026031764,0.00507753048326254,2.156592265012e-06,1.60143213360009e-05,3.15154157595049e-06,1.65952442247624e-08,2.31324705926463e-06,6.970085386322e-15,1.49462563946e-14,4.25437924715141e-29
1.51305893985114,8.09598905042128,8.96322888694934,6.59435705596436,0.503018894975009,0.946321500868727,0.0389875469100062,0.362706843298241,0.00308053143272013,0.323674448666714,0.714374627783747,8.74074020470881,9.24649075814362,53.7479248562676,0.205344975623346,0.000691585105266815,6.74148888628766e-06,2.33181695401659e-06,1.27300598428873e-07,1.41920500478488e-10,9.22817293244076e-08,2.89747860864438e-17,4.87556973564297e-15,4.56718789255128e-30
0.667122063701791,13.1731638052931,6.45221050388691,0.44343176075877,1.65137372105081,2.96311961242935,0.639850525944353,0.120555913108576,0.547726924184607,1.47635381858301,0.494143866225001,15.1078207721361,8.46482493408409,0.00051257437721349,47.792508776359,0.00525552626189397,1.86448142105599e-06,2.06624568724755e-05,1.65356914660791e-06,9.33297932650393e-12,7.21098619478327e-07,3.25947044125159e-15,8.99076561258362e-15,9.50458464617254e-29
4.4656279946815,0.191850803404275,0.0535939073715875,0.301510213894202,25.7158704084296,0.998293545942269,6.42393881632159,9.47931352871082,1.79138832776511,0.122574295110966,0.374288317389006,0.0268636357907801,0.0440360227093305,0.00968867338517432,3.7118421604824e-05,0.000797666351538742,0.00107469607619857,0.0171390545990988,0.00153275406512486,0.0438251936647298,49.9367550180323,5.39222028058324e-11,7.82924325600029e-09,6.37945034778829e-26
4.46540187631494,0.191919942872944,0.0535777802427688,0.301857465160063,25.7158581118546,0.99815042335319,6.42350471978528,9.47988910923355,1.79217313025708,0.122814577085563,0.37516911744983,0.0267177350916064,0.043645282180464,0.0098229726685362,6.65457172735366e-05,1.97883093443237e-05,0.000670945420186108,0.0174831448545144,0.00151609017580413,0.0437500540661282,49.9359911800209,5.40982167128485e-11,7.83125671371445e-09,6.26083039658353e-26
3.78541867596072,0.189193510581487,0.262688663349624,1.81282221656731,0.000890349853027535,4.00124932987885,6.26495360811579,5.24872062106895,67.9613855361493,9.39709832573232,0.987894808074249,0.0650005368325792,0.00120020549882597,0.021244547259576,0.000187924106520918,4.84238148192495e-05,3.86149188633966e-07,2.27115757879719e-06,1.94186913724805e-10,2.4755399356103e-08,3.48997035475161e-08,1.94246055355427e-17,5.49681326565762e-17,5.24334427359426e-30
1.39275059565885,13.6207160456625,6.02978369854808,0.107506662020725,0.636463648842839,1.4176500334129,0.273089053132937,0.302055150743164,0.00045003465590118,0.345841381960671,0.144300933953637,15.4363719715828,10.2343120723166,0.0342171108934329,0.0244891093152647,2.16682515026708e-06,1.23600559783459e-07,1.75173480774689e-07,7.71251338554441e-08,8.70788195893924e-10,1.23524289591652e-07,49.8948464306653,0.10515339951504,3.9621415862431e-19
2.96792056508193,8.56332266219181,8.58006497988671,2.19901726565232,0.185015770561114,0.930236994060337,0.0487041180436807,0.0380751562740184,0.0223651242547722,0.164844003411841,1.57813519557445,9.09117615203657,15.5378755486556,0.0930806307527342,0.000161871218948129,3.87061486862873e-07,1.67482576047178e-07,2.94718230205749e-06,4.6007986702753e-09,7.24227566608241e-08,5.85288381080849e-10,0.105153403469907,49.894846979538,9.26087242998346e-18
1.39275060129857,13.6207160569029,6.02978369452888,0.107506659388974,0.636463625559276,1.41765005157241,0.273089055588355,0.302055130984385,0.000450034264513172,0.345841371061897,0.14430091313226,15.4363716396462,10.2343121783765,0.0342171012419373,0.0244890694091152,2.16820278668895e-06,1.29689971964774e-07,1.72228856850525e-07,6.45025079392021e-08,5.04185143879043e-09,1.08971849744014e-07,49.894846784363,0.105153384043005,3.96210140327906e-19
2.96792053230361,8.56332264581418,8.58006502655993,2.19901729465677,0.1850157699244,0.93023697325579,0.048704125332344,0.0380751572429622,0.0223651290646493,0.164844016636742,1.57813524300459,9.09117668271127,15.5378759543928,0.0930805181939085,0.000161876809932836,3.86504688321104e-07,1.62830789952561e-07,2.806854807014e-06,7.11665036867899e-09,5.15290800517057e-08,3.93184645328469e-08,0.10515338033253,49.8948462196092,9.26084218102162e-18
8.49731352135361,0.403651484899637,0.384183902189704,7.68068851903461,2.0202937985726,0.958873970417454,0.678596179785059,0.277734350727093,0.97537620239341,18.7672427307067,50.9633430038511,2.78668076348114,5.50874785250872,0.094958800154192,0.00220950994939059,3.99248828064306e-05,6.28096525500004e-05,5.40821509372329e-08,1.12021772046801e-06,1.02373931449137e-06,4.77401069484418e-07,4.98950056446814e-17,3.15233611541244e-16,8.49335105474772e-30
0.70032198540591,0.36568454632852,0.917114956340014,0.378287622746733,0.537034155556352,0.195579661850342,43.3336842817548,44.5142481043979,2.48160323483954,6.02357524695142,0.141234015408105,0.387005861745976,0.0185174656594777,0.00592950589690972,0.000149079430415999,3.01324618016597e-05,1.01074376162568e-07,2.47497705677599e-08,7.56572477657565e-10,4.12468302089158e-09,1.25202967593897e-08,6.28015671157861e-17,6.70845530075334e-18,1.47454011367148e-30
2.40978474546404,0.548168227853711,6.16804110356947,0.0127742057439162,1.08194528916135,31.0060334927005,0.0253980703083873,2.15368618665931,1.05146742700792,31.8595973679526,20.3857743381101,2.44323075572593,0.846289724101001,0.000597915192355988,0.00719479091210427,1.30012749510457e-05,1.89936611892229e-06,1.31801867906145e-06,1.35788120907794e-07,2.29479617354628e-09,2.79469787496064e-09,1.76966567199772e-16,5.57004698073506e-17,7.64401594927295e-29
0.0048225951428238,0.0223126511193741,2.56798371471784,0.714937160057788,0.415515883917502,45.0676390405175,15.7506812829701,0.558088491711143,4.85812969883748,22.3749818120898,6.49295153998783,0.694064494887153,0.477115920826836,0.000519648176560844,0.000219758357981809,3.50460253606801e-05,2.31350682089696e-07,9.96061085682076e-07,2.38174935629714e-08,8.13774123801718e-09,1.28994452397973e-09,3.79689528634484e-17,3.44929653149848e-18,1.82108713303966e-29
