"PC1","PC2","PC3","PC4","PC5","PC6","PC7","PC8","PC9","PC10","PC11","PC12","PC13","PC14","PC15","PC16","PC17","PC18","PC19","PC20","PC21","PC22","PC23","PC24"
5.51485169778148,2.2271521496511,0.134350755763933,21.2996703856654,0.000398502292265172,0.00102658178290008,0.303915610575523,0.231266616250499,1.20278185747181,1.33851718337718,1.87093217037686e-05,0.0269033296088214,0.0130709622246231,0.00766596906165859,1.02018222825277,0.0120462500021596,0.000342277846123142,0.365171973855223,16.3006560037098,1.09526155719959e-05,2.55543520538884e-09,4.33443596663814e-10,3.83174933231208e-13,49.9999999999002
7.86006950021738,0.782703228842831,1.41405333680498,6.86186883821074,0.0899722313998624,0.000988707806664186,0.00226275920044183,3.31705728192641,3.81616638186942,0.363751153037944,0.0167151627979396,3.87583578631431,1.19843085008101,0.162592829950059,19.9267453971564,0.309493139808127,0.000401056473544366,0.00119230435658667,2.08287924068989e-07,49.9996997495942,7.35271097950118e-08,1.96101328713892e-08,2.72596808962432e-09,2.56507621267215e-20
5.51482939020157,2.22729154017875,0.134368105422826,21.2994140523012,0.000395978733928021,0.00102239433717174,0.303866168017841,0.231196015377396,1.20343366094866,1.33765314652119,1.67118125894735e-05,0.0268289354230173,0.0130057394524546,0.00751584827505217,1.01988236225486,0.0116378925704759,0.00103998438858001,1.461962244408,65.2045954593635,4.43581599053263e-05,1.01446759852171e-08,1.70467442176774e-09,1.7169960623938e-12,1.94670869547552e-22
7.86006477030436,0.78272166507593,1.41403623269309,6.8618694780347,0.0899625208411675,0.000989941007303144,0.00226428327440536,3.31706994528103,3.81624818952151,0.363684582983097,0.0166885947365601,3.87573707246337,1.19854776368283,0.162549111961318,19.9283990838669,0.310363636643397,3.75759009363553e-05,0.00124588763003551,3.84603135681343e-07,49.9975191835507,7.32840299035145e-08,1.99315522510548e-08,2.72862042336487e-09,2.56452502597424e-20
9.29957531689825,0.100095640404031,1.20961305595442,0.824586629530638,0.0647354648589308,0.000980188269342808,0.0600180741067416,2.37967375448864,4.41355765006605,0.697296108867422,0.0345352848365334,2.34992851982225,0.574933273688768,0.190454616236563,27.3242874446836,0.469657819773794,0.00682411285176385,48.9016640984582,1.09637833253,0.00120461281771749,1.20287222528357e-10,5.00972454051868e-10,2.35029053829923e-10,7.84192254513926e-22
9.29949507371389,0.100094884217447,1.20970544842331,0.824852654032349,0.0647610164528493,0.000983330293870612,0.0600345812476179,2.37957756466164,4.41430861016462,0.696565137198704,0.0345066598641596,2.3507173220408,0.574718577907048,0.189422187875897,27.335219116102,0.470886495625463,0.0107642077865351,48.8849449469487,1.09724997480955,0.0011922097350842,1.08551748959496e-10,5.52931077656781e-10,2.36947727462754e-10,7.85475243657555e-22
8.43244085679523,0.0624324413020702,1.27263555750653,0.0323620010266416,0.191148754290717,0.0108916876245458,0.146653741493431,4.68568949103954,33.7361606950462,0.467669909859746,0.843446206711079,0.0904426456505376,0.0116699032953663,7.16720356840261e-09,0.00488254504602276,0.000222965401266754,50.0015192125861,0.00933862738159469,0.000233965513679173,0.000158783181104321,5.0626611606635e-10,1.17092486303897e-09,4.04122526240563e-10,2.08308582784923e-28
8.43180325823151,0.0623383910812489,1.27420259156014,0.0322260830155731,0.191142470975947,0.0109391704851687,0.147140855931491,4.67805524153661,33.7631804341443,0.466532374247559,0.846212218461461,0.0919082566294604,0.012940296494904,8.31860212113151e-05,0.00216949897654548,0.000804526615932785,49.9786291474471,0.00930650736009636,0.000226769899120355,0.000158718797392834,5.07962332358442e-10,1.17395262103822e-09,4.05326057298043e-10,8.13705401503607e-29
5.51485169778123,2.22715214965101,0.134350755763926,21.2996703856644,0.000398502292265048,0.00102658178289997,0.30391561057551,0.231266616250491,1.20278185747177,1.33851718337712,1.87093217038231e-05,0.0269033296088198,0.0130709622246215,0.00766596906165879,1.02018222825275,0.0120462500021233,0.000342277846037537,0.365171973782394,16.300656003609,1.09526176299572e-05,2.52966361640122e-09,4.32768181553938e-10,4.51076284619065e-13,50.0000000000998
1.18279030398085,8.10789498056057,14.8807091095275,0.714526119143064,1.12554704091444,0.0049816571729572,0.0324688240882404,0.0140881748876306,0.376952911626312,0.611436298438978,0.443835465077885,9.05400072365823,13.4739925418096,48.2378702473079,0.243324643529784,1.49557751165006,2.87169041963373e-06,3.34067366225445e-07,2.33882956243916e-07,6.98526401964775e-09,2.51364694046005e-14,2.7820523783523e-15,1.76591319077433e-15,2.77333911991762e-28
0.262286558266081,13.3552162147961,5.49452018301939,3.42806260657567,3.56588427894982,0.161295491064947,2.27990165309436,0.2846836216557,0.10895070810627,7.7766082452161,13.0388277358577,0.691448683237992,0.680084339401684,1.25515148871292,0.948936313949534,46.6681181781055,2.25172087289984e-05,1.62285659724478e-07,9.04095511738203e-07,1.16400351774297e-07,1.06528585610707e-14,3.71988290699523e-14,1.3495372892723e-15,8.01856237891386e-27
1.17209917141859,8.11375905272086,14.8786676185912,0.662223443757035,1.2283236802111,0.00515480840420743,0.0300404067019435,0.0156159106015895,0.402436445425708,0.76337543273256,0.682690169647528,8.07027328399954,13.9817825174677,48.4363604153063,0.155835775910339,1.40134788664707,1.34723394692239e-05,3.84734940038476e-07,1.06053667808061e-07,1.73286178093358e-08,3.64374201561542e-14,4.46080683473577e-16,3.11918246681229e-17,3.59501606583167e-28
0.258668746651303,13.6242031728827,5.28935748153587,3.21733729473132,3.59249424148019,0.155785101921984,2.1457423828891,0.30186306573016,0.158554008066507,7.11873617858522,11.8270053111837,0.584069740711371,0.617747371488394,1.31383457323898,0.97316027294,48.8213962853205,4.27883534727791e-05,3.72826480714895e-07,1.47102767065824e-06,1.38435099918595e-07,5.85498312983782e-15,2.99850609889538e-14,1.07312472879332e-15,7.36154100803588e-27
6.51645741656869,0.151862098387861,0.728915853349916,1.87580962526998,0.138928994538348,0.0881571448773348,2.05772749938518,36.868268343952,0.458925422992684,0.277184661858898,0.412999633663799,0.375656324991615,0.0340595026269176,0.000107793561677545,0.0149390140441302,2.41794094639913e-07,4.85945411409554e-07,4.34987415651962e-09,2.9461912088628e-10,2.38316310082908e-08,0.0233168669564117,48.6302914082954,1.34639163846357,9.13754278052455e-17
6.51645744158258,0.15186209596903,0.728915811779826,1.87580957054088,0.138929008584312,0.0881571442388785,2.05772748938623,36.8682683101229,0.458925452280214,0.277184723228308,0.412999633636438,0.375655991151768,0.0340594644738036,0.000107790709117026,0.0149393651339256,2.41290679853174e-07,4.02990098069065e-07,6.80743676359556e-11,5.67488946236563e-09,2.31683579853498e-08,0.0233168803483314,48.6302915544186,1.34639159922269,9.13754569901092e-17
0.00672172571719587,0.0821390166737724,0.427526465487675,0.187651582682246,1.83925387408984,90.5725962590615,6.81720271714255,0.042176742601796,0.00377936858244796,0.013290651741357,0.00650427846628663,0.000300123608065528,0.000848956144332414,8.2025602153207e-07,4.15165294061648e-06,3.26274679960499e-06,2.73022486332869e-10,6.41172356948888e-10,2.29088268111273e-09,1.40098120805824e-10,1.43426241145953e-19,1.046203525148e-19,2.84417254662002e-19,2.01475029753537e-31
0.818745614069186,14.7127401927058,4.68887889659512,0.493552238305268,1.02217430604032,6.50448174916602e-05,0.637291965415664,0.0258084233053025,0.0620421652506528,6.58586170228678,18.9978473138556,1.0932407600518,0.854965713605873,0.00100914249892475,0.000438738959251919,0.00533562609304309,1.6632176986463e-06,9.21993459426362e-09,6.71920628457733e-09,8.46180026387803e-08,49.9676977329066,0.0182389390631598,0.0140637203993347,1.64687027629931e-14
2.29773078206787,7.48593293086647,12.6574264853427,0.0634893921437634,0.992427014455375,0.000238065213907656,0.0352464307122779,0.03604129675645,0.00718293132758966,0.022881790954944,0.012881243956521,9.63683184483863,16.7480248447189,0.000326884066394654,0.00307106526809214,0.000265277543406375,2.02073764830992e-06,1.06802035312126e-08,2.54905895000714e-08,2.0926956717526e-12,0.00898579062653069,1.35146943414285,48.6395444380869,5.24329061684179e-16
0.818745607094056,14.7127401306463,4.68887893758281,0.493552245176819,1.02217438104228,6.50445755448035e-05,0.637292014542568,0.0258084342405678,0.0620421969734465,6.585861716947,18.9978479379859,1.09324064731791,0.854965844630623,0.00100915561098414,0.000438772535805358,0.00533557162064982,1.77579380402793e-06,1.11367444556856e-08,6.70444414025959e-08,5.9392618362231e-08,49.9676967904646,0.0182389350278606,0.0140637226167032,1.64687014985238e-14
2.29773075981125,7.48593295482739,12.6574265379357,0.0634893908138467,0.992427007141473,0.000238065296488808,0.0352464363149934,0.0360412936284423,0.00718293754242347,0.0228817923328467,0.012881243678351,9.6368310766353,16.748025030996,0.000326885694209723,0.00307105323414557,0.000265281237414372,1.88048867119651e-06,1.53963291538899e-08,1.96483463000779e-08,3.9199134502157e-09,0.00898577541349578,1.35146968354069,48.6395448744723,5.24329400116541e-16
8.67076830158072,0.137963406301447,0.544484435000355,3.07074818611196,0.155786481434271,0.0533635200163223,0.208122862719939,0.178090430297039,3.8255059159401,1.50455127131542,4.64468429410827,45.3283374475652,31.6048055042802,0.00990109460173092,0.0596091764279294,0.00326748242795198,1.01701874397283e-05,2.3612297931125e-09,1.70671814164235e-08,2.55205920180353e-10,6.95584276481256e-17,1.83417939793698e-14,8.13612697534013e-16,1.92592994438724e-32
0.0729484326254798,0.443478766950909,0.158900567989788,2.4259782471213,18.2302147858316,3.09002871289787,68.741222365838,1.75459906655835,2.21444224709578,2.37117175061314,0.387428955540412,0.00111242436557758,0.106854481845033,0.0015703469405002,1.13977724025196e-05,3.74278135950689e-05,6.28570782634825e-09,3.69856879439949e-09,1.21962752740582e-08,1.97499583206888e-11,2.639705960517e-18,2.264926073423e-18,1.76830641918058e-16,1.88079096131566e-33
1.37947098742823,1.78697288628737,9.44201645961548,0.0115134873049472,19.2251197147197,3.40924696838513,11.6024135421857,0.0752172666554292,1.76248034177331,29.2116678842955,20.7407428862612,1.05108013848866,0.289434413738989,0.012184485975364,1.83624759419184e-05,0.000420001816835068,7.38703104058202e-08,8.33638574084151e-08,1.26832162996146e-08,2.67492296807635e-09,2.73899574043251e-15,2.16513240874909e-17,1.2064946156539e-16,2.03426350375902e-29
0.000396589213026365,1.07532000901915,4.53605931675352,2.07973606284023,46.037399748429,2.34177838866556,1.35228172516033,2.02257709219437,2.52197761031217,29.787119119983,7.58866563921683,0.292715591816908,0.359961143720343,0.00228914990835269,0.000251991573899162,0.00147074744966704,1.74913587254416e-08,4.09887388354154e-08,1.35048631859312e-08,1.75869515874469e-09,5.20725231960325e-18,3.68269503497807e-16,9.57332276362779e-17,1.17549435082229e-32
